19.2 1000
1e-18 1.62757e+08
9.77237e-19 1.59048e+08
9.54993e-19 1.55423e+08
9.33254e-19 1.5188e+08
9.12011e-19 1.48418e+08
8.91251e-19 1.45035e+08
8.70964e-19 1.41729e+08
8.51138e-19 1.38499e+08
8.31764e-19 1.35341e+08
8.12831e-19 1.32256e+08
7.94328e-19 1.29241e+08
7.76247e-19 1.26295e+08
7.58578e-19 1.23415e+08
7.4131e-19 1.20602e+08
7.24436e-19 1.17852e+08
7.07946e-19 1.15165e+08
6.91831e-19 1.12539e+08
6.76083e-19 1.09973e+08
6.60693e-19 1.07465e+08
6.45654e-19 1.05015e+08
6.30957e-19 1.0262e+08
6.16595e-19 1.0028e+08
6.0256e-19 9.79926e+07
5.88844e-19 9.57577e+07
5.7544e-19 9.35737e+07
5.62341e-19 9.14394e+07
5.49541e-19 8.93537e+07
5.37032e-19 8.73155e+07
5.24807e-19 8.53238e+07
5.12861e-19 8.33773e+07
5.01187e-19 8.14753e+07
4.89779e-19 7.96165e+07
4.7863e-19 7.78e+07
4.67735e-19 7.60249e+07
4.57088e-19 7.42903e+07
4.46684e-19 7.25951e+07
4.36516e-19 7.09385e+07
4.2658e-19 6.93197e+07
4.16869e-19 6.77377e+07
4.0738e-19 6.61918e+07
3.98107e-19 6.4681e+07
3.89045e-19 6.32047e+07
3.80189e-19 6.1762e+07
3.71535e-19 6.03521e+07
3.63078e-19 5.89744e+07
3.54813e-19 5.7628e+07
3.46737e-19 5.63123e+07
3.38844e-19 5.50266e+07
3.31131e-19 5.37701e+07
3.23594e-19 5.25423e+07
3.16228e-19 5.13424e+07
3.0903e-19 5.01699e+07
3.01995e-19 4.9024e+07
2.95121e-19 4.79043e+07
2.88403e-19 4.68101e+07
2.81838e-19 4.57407e+07
2.75423e-19 4.46958e+07
2.69153e-19 4.36746e+07
2.63027e-19 4.26768e+07
2.5704e-19 4.17016e+07
2.51189e-19 4.07487e+07
2.45471e-19 3.98174e+07
2.39883e-19 3.89074e+07
2.34423e-19 3.80181e+07
2.29087e-19 3.71491e+07
2.23872e-19 3.62998e+07
2.18776e-19 3.547e+07
2.13796e-19 3.4659e+07
2.0893e-19 3.38665e+07
2.04174e-19 3.3092e+07
1.99526e-19 3.23352e+07
1.94984e-19 3.15957e+07
1.90546e-19 3.0873e+07
1.86209e-19 3.01667e+07
1.8197e-19 2.94766e+07
1.77828e-19 2.88021e+07
1.7378e-19 2.81431e+07
1.69824e-19 2.74991e+07
1.65959e-19 2.68697e+07
1.62181e-19 2.62547e+07
1.58489e-19 2.56537e+07
1.54882e-19 2.50664e+07
1.51356e-19 2.44925e+07
1.47911e-19 2.39316e+07
1.44544e-19 2.33836e+07
1.41254e-19 2.2848e+07
1.38038e-19 2.23246e+07
1.34896e-19 2.18132e+07
1.31826e-19 2.13134e+07
1.28825e-19 2.08251e+07
1.25893e-19 2.03478e+07
1.23027e-19 1.98814e+07
1.20226e-19 1.94257e+07
1.1749e-19 1.89804e+07
1.14815e-19 1.85452e+07
1.12202e-19 1.81199e+07
1.09648e-19 1.77043e+07
1.07152e-19 1.72982e+07
1.04713e-19 1.69014e+07
1.02329e-19 1.65136e+07
1e-19 1.61347e+07
9.77237e-20 1.57644e+07
9.54993e-20 1.54025e+07
9.33254e-20 1.50489e+07
9.12011e-20 1.47034e+07
8.91251e-20 1.43657e+07
8.70964e-20 1.40358e+07
8.51138e-20 1.37133e+07
8.31764e-20 1.33983e+07
8.12831e-20 1.30904e+07
7.94328e-20 1.27895e+07
7.76247e-20 1.24955e+07
7.58578e-20 1.22082e+07
7.4131e-20 1.19275e+07
7.24436e-20 1.16532e+07
7.07946e-20 1.13851e+07
6.91831e-20 1.11232e+07
6.76083e-20 1.08672e+07
6.60693e-20 1.06171e+07
6.45654e-20 1.03727e+07
6.30957e-20 1.01338e+07
6.16595e-20 9.90045e+06
6.0256e-20 9.67239e+06
5.88844e-20 9.44954e+06
5.7544e-20 9.23178e+06
5.62341e-20 9.01899e+06
5.49541e-20 8.81106e+06
5.37032e-20 8.60788e+06
5.24807e-20 8.40934e+06
5.12861e-20 8.21534e+06
5.01187e-20 8.02577e+06
4.89779e-20 7.84053e+06
4.7863e-20 7.65952e+06
4.67735e-20 7.48264e+06
4.57088e-20 7.30981e+06
4.46684e-20 7.14093e+06
4.36516e-20 6.97591e+06
4.2658e-20 6.81466e+06
4.16869e-20 6.6571e+06
4.0738e-20 6.50313e+06
3.98107e-20 6.35269e+06
3.89045e-20 6.20569e+06
3.80189e-20 6.06205e+06
3.71535e-20 5.9217e+06
3.63078e-20 5.78455e+06
3.54813e-20 5.65054e+06
3.46737e-20 5.5196e+06
3.38844e-20 5.39165e+06
3.31131e-20 5.26664e+06
3.23594e-20 5.14448e+06
3.16228e-20 5.02512e+06
3.0903e-20 4.90849e+06
3.01995e-20 4.79453e+06
2.95121e-20 4.68318e+06
2.88403e-20 4.57438e+06
2.81838e-20 4.46807e+06
2.75423e-20 4.3642e+06
2.69153e-20 4.2627e+06
2.63027e-20 4.16353e+06
2.5704e-20 4.06664e+06
2.51189e-20 3.97196e+06
2.45471e-20 3.87946e+06
2.39883e-20 3.78907e+06
2.34423e-20 3.70076e+06
2.29087e-20 3.61447e+06
2.23872e-20 3.53016e+06
2.18776e-20 3.44779e+06
2.13796e-20 3.3673e+06
2.0893e-20 3.28866e+06
2.04174e-20 3.21183e+06
1.99526e-20 3.13676e+06
1.94984e-20 3.06341e+06
1.90546e-20 2.99175e+06
1.86209e-20 2.92173e+06
1.8197e-20 2.85332e+06
1.77828e-20 2.78648e+06
1.7378e-20 2.72118e+06
1.69824e-20 2.65738e+06
1.65959e-20 2.59505e+06
1.62181e-20 2.53415e+06
1.58489e-20 2.47465e+06
1.54882e-20 2.41651e+06
1.51356e-20 2.35972e+06
1.47911e-20 2.30423e+06
1.44544e-20 2.25002e+06
1.41254e-20 2.19706e+06
1.38038e-20 2.14531e+06
1.34896e-20 2.09476e+06
1.31826e-20 2.04537e+06
1.28825e-20 1.99713e+06
1.25893e-20 1.94999e+06
1.23027e-20 1.90394e+06
1.20226e-20 1.85895e+06
1.1749e-20 1.815e+06
1.14815e-20 1.77206e+06
1.12202e-20 1.73012e+06
1.09648e-20 1.68914e+06
1.07152e-20 1.64911e+06
1.04713e-20 1.61e+06
1.02329e-20 1.5718e+06
1e-20 1.53448e+06
9.77237e-21 1.49802e+06
9.54993e-21 1.4624e+06
9.33254e-21 1.42761e+06
9.12011e-21 1.39363e+06
8.91251e-21 1.36043e+06
8.70964e-21 1.328e+06
8.51138e-21 1.29632e+06
8.31764e-21 1.26537e+06
8.12831e-21 1.23514e+06
7.94328e-21 1.20561e+06
7.76247e-21 1.17677e+06
7.58578e-21 1.1486e+06
7.4131e-21 1.12108e+06
7.24436e-21 1.0942e+06
7.07946e-21 1.06794e+06
6.91831e-21 1.04229e+06
6.76083e-21 1.01724e+06
6.60693e-21 992775
6.45654e-21 968876
6.30957e-21 945534
6.16595e-21 922735
6.0256e-21 900466
5.88844e-21 878717
5.7544e-21 857475
5.62341e-21 836728
5.49541e-21 816465
5.37032e-21 796675
5.24807e-21 777347
5.12861e-21 758471
5.01187e-21 740036
4.89779e-21 722033
4.7863e-21 704450
4.67735e-21 687279
4.57088e-21 670510
4.46684e-21 654135
4.36516e-21 638143
4.2658e-21 622526
4.16869e-21 607276
4.0738e-21 592384
3.98107e-21 577842
3.89045e-21 563642
3.80189e-21 549776
3.71535e-21 536236
3.63078e-21 523015
3.54813e-21 510106
3.46737e-21 497502
3.38844e-21 485194
3.31131e-21 473178
3.23594e-21 461445
3.16228e-21 449989
3.0903e-21 438805
3.01995e-21 427886
2.95121e-21 417225
2.88403e-21 406817
2.81838e-21 396655
2.75423e-21 386736
2.69153e-21 377051
2.63027e-21 367597
2.5704e-21 358369
2.51189e-21 349359
2.45471e-21 340565
2.39883e-21 331980
2.34423e-21 323601
2.29087e-21 315421
2.23872e-21 307437
2.18776e-21 299644
2.13796e-21 292038
2.0893e-21 284614
2.04174e-21 277368
1.99526e-21 270297
1.94984e-21 263395
1.90546e-21 256659
1.86209e-21 250086
1.8197e-21 243671
1.77828e-21 237411
1.7378e-21 231302
1.69824e-21 225341
1.65959e-21 219524
1.62181e-21 213848
1.58489e-21 208310
1.54882e-21 202906
1.51356e-21 197633
1.47911e-21 192489
1.44544e-21 187470
1.41254e-21 182574
1.38038e-21 177797
1.34896e-21 173137
1.31826e-21 168591
1.28825e-21 164156
1.25893e-21 159831
1.23027e-21 155611
1.20226e-21 151495
1.1749e-21 147481
1.14815e-21 143566
1.12202e-21 139747
1.09648e-21 136023
1.07152e-21 132391
1.04713e-21 128849
1.02329e-21 125395
1e-21 122026
9.77237e-22 118742
9.54993e-22 115540
9.33254e-22 112417
9.12011e-22 109373
8.91251e-22 106405
8.70964e-22 103512
8.51138e-22 100691
8.31764e-22 97941
8.12831e-22 95260.5
7.94328e-22 92647.7
7.76247e-22 90101
7.58578e-22 87618.8
7.4131e-22 85199.6
7.24436e-22 82841.9
7.07946e-22 80544.2
6.91831e-22 78305.2
6.76083e-22 76123.4
6.60693e-22 73997.5
6.45654e-22 71926.1
6.30957e-22 69907.9
6.16595e-22 67941.7
6.0256e-22 66026.3
5.88844e-22 64160.4
5.7544e-22 62342.8
5.62341e-22 60572.3
5.49541e-22 58847.9
5.37032e-22 57168.5
5.24807e-22 55532.9
5.12861e-22 53940.1
5.01187e-22 52389.1
4.89779e-22 50878.8
4.7863e-22 49408.3
4.67735e-22 47976.7
4.57088e-22 46582.9
4.46684e-22 45226.1
4.36516e-22 43905.3
4.2658e-22 42619.7
4.16869e-22 41368.4
4.0738e-22 40150.6
3.98107e-22 38965.5
3.89045e-22 37812.3
3.80189e-22 36690.1
3.71535e-22 35598.3
3.63078e-22 34536
3.54813e-22 33502.6
3.46737e-22 32497.4
3.38844e-22 31519.6
3.31131e-22 30568.5
3.23594e-22 29643.5
3.16228e-22 28744
3.0903e-22 27869.3
3.01995e-22 27018.8
2.95121e-22 26191.9
2.88403e-22 25388
2.81838e-22 24606.5
2.75423e-22 23846.9
2.69153e-22 23108.5
2.63027e-22 22391
2.5704e-22 21693.6
2.51189e-22 21016.1
2.45471e-22 20357.7
2.39883e-22 19718.1
2.34423e-22 19096.7
2.29087e-22 18493.1
2.23872e-22 17906.8
2.18776e-22 17337.5
2.13796e-22 16784.5
2.0893e-22 16247.6
2.04174e-22 15726.3
1.99526e-22 15220.2
1.94984e-22 14728.9
1.90546e-22 14252.1
1.86209e-22 13789.2
1.8197e-22 13340
1.77828e-22 12904.2
1.7378e-22 12481.3
1.69824e-22 12071
1.65959e-22 11672.9
1.62181e-22 11286.8
1.58489e-22 10912.4
1.54882e-22 10549.2
1.51356e-22 10197.1
1.47911e-22 9855.67
1.44544e-22 9524.66
1.41254e-22 9203.78
1.38038e-22 8892.76
1.34896e-22 8591.33
1.31826e-22 8299.22
1.28825e-22 8016.18
1.25893e-22 7741.95
1.23027e-22 7476.3
1.20226e-22 7218.97
1.1749e-22 6969.74
1.14815e-22 6728.38
1.12202e-22 6494.67
1.09648e-22 6268.39
1.07152e-22 6049.32
1.04713e-22 5837.27
1.02329e-22 5632.04
1e-22 5433.42
9.77237e-23 5241.22
9.54993e-23 5055.27
9.33254e-23 4875.37
9.12011e-23 4701.36
8.91251e-23 4533.05
8.70964e-23 4370.28
8.51138e-23 4212.9
8.31764e-23 4060.72
8.12831e-23 3913.62
7.94328e-23 3771.42
7.76247e-23 3633.98
7.58578e-23 3501.17
7.4131e-23 3372.83
7.24436e-23 3248.84
7.07946e-23 3129.06
6.91831e-23 3013.37
6.76083e-23 2901.63
6.60693e-23 2793.72
6.45654e-23 2689.53
6.30957e-23 2588.94
6.16595e-23 2491.84
6.0256e-23 2398.11
5.88844e-23 2307.66
5.7544e-23 2220.37
5.62341e-23 2136.15
5.49541e-23 2054.9
5.37032e-23 1976.53
5.24807e-23 1900.93
5.12861e-23 1828.03
5.01187e-23 1757.73
4.89779e-23 1689.95
4.7863e-23 1624.61
4.67735e-23 1561.63
4.57088e-23 1500.92
4.46684e-23 1442.42
4.36516e-23 1386.05
4.2658e-23 1331.74
4.16869e-23 1279.42
4.0738e-23 1229.03
3.98107e-23 1180.49
3.89045e-23 1133.75
3.80189e-23 1088.74
3.71535e-23 1045.41
3.63078e-23 1003.69
3.54813e-23 963.539
3.46737e-23 924.895
3.38844e-23 887.706
3.31131e-23 851.923
3.23594e-23 817.496
3.16228e-23 784.378
3.0903e-23 752.521
3.01995e-23 721.883
2.95121e-23 692.419
2.88403e-23 664.088
2.81838e-23 636.849
2.75423e-23 610.663
2.69153e-23 585.493
2.63027e-23 561.301
2.5704e-23 538.052
2.51189e-23 515.712
2.45471e-23 494.248
2.39883e-23 473.627
2.34423e-23 453.819
2.29087e-23 434.794
2.23872e-23 416.522
2.18776e-23 398.976
2.13796e-23 382.129
2.0893e-23 365.954
2.04174e-23 350.427
1.99526e-23 335.523
1.94984e-23 321.219
1.90546e-23 307.491
1.86209e-23 294.319
1.8197e-23 281.681
1.77828e-23 269.556
1.7378e-23 257.925
1.69824e-23 246.769
1.65959e-23 236.07
1.62181e-23 225.809
1.58489e-23 215.971
1.54882e-23 206.538
1.51356e-23 197.496
1.47911e-23 188.827
1.44544e-23 180.519
1.41254e-23 172.557
1.38038e-23 164.926
1.34896e-23 157.615
1.31826e-23 150.61
1.28825e-23 143.899
1.25893e-23 137.471
1.23027e-23 131.314
1.20226e-23 125.418
1.1749e-23 119.772
1.14815e-23 114.365
1.12202e-23 109.189
1.09648e-23 104.233
1.07152e-23 99.4899
1.04713e-23 94.9499
1.02329e-23 90.6049
1e-23 86.447
9.77237e-24 82.4687
9.54993e-24 78.6624
9.33254e-24 75.0212
9.12011e-24 71.5382
8.91251e-24 68.2069
8.70964e-24 65.021
8.51138e-24 61.9745
8.31764e-24 59.0616
8.12831e-24 56.2767
7.94328e-24 53.6145
7.76247e-24 51.0698
7.58578e-24 48.6377
7.4131e-24 46.3135
7.24436e-24 44.0927
7.07946e-24 41.9708
6.91831e-24 39.9437
6.76083e-24 38.0073
6.60693e-24 36.1579
6.45654e-24 34.3916
6.30957e-24 32.705
6.16595e-24 31.0946
6.0256e-24 29.5572
5.88844e-24 28.0897
5.7544e-24 26.689
5.62341e-24 25.3522
5.49541e-24 24.0766
5.37032e-24 22.8596
5.24807e-24 21.6986
5.12861e-24 20.5911
5.01187e-24 19.5348
4.89779e-24 18.5276
4.7863e-24 17.5672
4.67735e-24 16.6515
4.57088e-24 15.7787
4.46684e-24 14.9469
4.36516e-24 14.1542
4.2658e-24 13.3988
4.16869e-24 12.6793
4.0738e-24 11.9938
3.98107e-24 11.3411
3.89045e-24 10.7195
3.80189e-24 10.1277
3.71535e-24 9.5643
3.63078e-24 9.02813
3.54813e-24 8.51791
3.46737e-24 8.03247
3.38844e-24 7.57071
3.31131e-24 7.13154
3.23594e-24 6.71394
3.16228e-24 6.31693
3.0903e-24 5.93957
3.01995e-24 5.58096
2.95121e-24 5.24025
2.88403e-24 4.91661
2.81838e-24 4.60927
2.75423e-24 4.31746
2.69153e-24 4.04047
2.63027e-24 3.77761
2.5704e-24 3.52823
2.51189e-24 3.2917
2.45471e-24 3.06742
2.39883e-24 2.85481
2.34423e-24 2.65333
2.29087e-24 2.46246
2.23872e-24 2.28169
2.18776e-24 2.11055
2.13796e-24 1.94858
2.0893e-24 1.79535
2.04174e-24 1.65043
1.99526e-24 1.51343
1.94984e-24 1.38397
1.90546e-24 1.26168
1.86209e-24 1.14623
1.8197e-24 1.03727
1.77828e-24 0.934501
1.7378e-24 0.837611
1.69824e-24 0.746315
1.65959e-24 0.660338
1.62181e-24 0.579418
1.58489e-24 0.503306
1.54882e-24 0.431762
1.51356e-24 0.364559
1.47911e-24 0.301481
1.44544e-24 0.242318
1.41254e-24 0.186875
1.38038e-24 0.134963
1.34896e-24 0.0864026
1.31826e-24 0.0410218
1.28825e-24 -0.0013421
1.25893e-24 -0.0408448
1.23027e-24 -0.0776345
1.20226e-24 -0.111853
1.1749e-24 -0.143634
1.14815e-24 -0.173106
1.12202e-24 -0.200392
1.09648e-24 -0.225607
1.07152e-24 -0.248864
1.04713e-24 -0.270266
1.02329e-24 -0.289915
1e-24 -0.307907
9.77237e-25 -0.324332
9.54993e-25 -0.339278
9.33254e-25 -0.352826
9.12011e-25 -0.365054
8.91251e-25 -0.376039
8.70964e-25 -0.38585
8.51138e-25 -0.394556
8.31764e-25 -0.402219
8.12831e-25 -0.408902
7.94328e-25 -0.414663
7.76247e-25 -0.419555
7.58578e-25 -0.423633
7.4131e-25 -0.426945
7.24436e-25 -0.429538
7.07946e-25 -0.431458
6.91831e-25 -0.432747
6.76083e-25 -0.433446
6.60693e-25 -0.433592
6.45654e-25 -0.433223
6.30957e-25 -0.432372
6.16595e-25 -0.431073
6.0256e-25 -0.429356
5.88844e-25 -0.427251
5.7544e-25 -0.424785
5.62341e-25 -0.421985
5.49541e-25 -0.418876
5.37032e-25 -0.415482
5.24807e-25 -0.411824
5.12861e-25 -0.407925
5.01187e-25 -0.403803
4.89779e-25 -0.399478
4.7863e-25 -0.394968
4.67735e-25 -0.390289
4.57088e-25 -0.385458
4.46684e-25 -0.380489
4.36516e-25 -0.375397
4.2658e-25 -0.370195
4.16869e-25 -0.364896
4.0738e-25 -0.35951
3.98107e-25 -0.354051
3.89045e-25 -0.348527
3.80189e-25 -0.34295
3.71535e-25 -0.337327
3.63078e-25 -0.331668
3.54813e-25 -0.325982
3.46737e-25 -0.320275
3.38844e-25 -0.314554
3.31131e-25 -0.308828
3.23594e-25 -0.303101
3.16228e-25 -0.297379
3.0903e-25 -0.291669
3.01995e-25 -0.285974
2.95121e-25 -0.280301
2.88403e-25 -0.274653
2.81838e-25 -0.269034
2.75423e-25 -0.263448
2.69153e-25 -0.257898
2.63027e-25 -0.252389
2.5704e-25 -0.246922
2.51189e-25 -0.241501
2.45471e-25 -0.236127
2.39883e-25 -0.230804
2.34423e-25 -0.225533
2.29087e-25 -0.220317
2.23872e-25 -0.215156
2.18776e-25 -0.210053
2.13796e-25 -0.205009
2.0893e-25 -0.200024
2.04174e-25 -0.195101
1.99526e-25 -0.19024
1.94984e-25 -0.185442
1.90546e-25 -0.180708
1.86209e-25 -0.176038
1.8197e-25 -0.171433
1.77828e-25 -0.166892
1.7378e-25 -0.162417
1.69824e-25 -0.158008
1.65959e-25 -0.153665
1.62181e-25 -0.149387
1.58489e-25 -0.145175
1.54882e-25 -0.141029
1.51356e-25 -0.136949
1.47911e-25 -0.132933
1.44544e-25 -0.128983
1.41254e-25 -0.125098
1.38038e-25 -0.121277
1.34896e-25 -0.11752
1.31826e-25 -0.113827
1.28825e-25 -0.110198
1.25893e-25 -0.10663
1.23027e-25 -0.103125
1.20226e-25 -0.0996818
1.1749e-25 -0.0962993
1.14815e-25 -0.0929772
1.12202e-25 -0.0897148
1.09648e-25 -0.0865116
1.07152e-25 -0.0833668
1.04713e-25 -0.0802798
1.02329e-25 -0.0772499
1e-25 -0.0742764
9.77237e-26 -0.0713584
9.54993e-26 -0.0684954
9.33254e-26 -0.0656866
9.12011e-26 -0.0629312
8.91251e-26 -0.0602286
8.70964e-26 -0.0575779
8.51138e-26 -0.0549784
8.31764e-26 -0.0524293
8.12831e-26 -0.04993
7.94328e-26 -0.0474795
7.76247e-26 -0.0450773
7.58578e-26 -0.0427224
7.4131e-26 -0.0404143
7.24436e-26 -0.038152
7.07946e-26 -0.0359349
6.91831e-26 -0.0337622
6.76083e-26 -0.0316333
6.60693e-26 -0.0295472
6.45654e-26 -0.0275034
6.30957e-26 -0.0255012
6.16595e-26 -0.0235396
6.0256e-26 -0.0216182
5.88844e-26 -0.019736
5.7544e-26 -0.0178926
5.62341e-26 -0.0160872
5.49541e-26 -0.0143189
5.37032e-26 -0.0125874
5.24807e-26 -0.0108917
5.12861e-26 -0.00923135
5.01187e-26 -0.00760559
4.89779e-26 -0.00601382
4.7863e-26 -0.00445538
4.67735e-26 -0.00292966
4.57088e-26 -0.00143601
4.46684e-26 2.61418e-05
4.36516e-26 0.00145744
4.2658e-26 0.00285843
4.16869e-26 0.00422973
4.0738e-26 0.00557191
3.98107e-26 0.00688561
3.89045e-26 0.00817123
3.80189e-26 0.00942944
3.71535e-26 0.0106607
3.63078e-26 0.0118657
3.54813e-26 0.0130448
3.46737e-26 0.0141986
3.38844e-26 0.0153276
3.31131e-26 0.0164323
3.23594e-26 0.0175132
3.16228e-26 0.0185707
3.0903e-26 0.0196053
3.01995e-26 0.0206176
2.95121e-26 0.0216079
2.88403e-26 0.0225767
2.81838e-26 0.0235245
2.75423e-26 0.0244517
2.69153e-26 0.0253587
2.63027e-26 0.0262458
2.5704e-26 0.0271137
2.51189e-26 0.0279626
2.45471e-26 0.0287929
2.39883e-26 0.029605
2.34423e-26 0.0303994
2.29087e-26 0.0311763
2.23872e-26 0.0319363
2.18776e-26 0.0326794
2.13796e-26 0.0334062
2.0893e-26 0.0341172
2.04174e-26 0.0348124
1.99526e-26 0.0354923
1.94984e-26 0.0361571
1.90546e-26 0.0368074
1.86209e-26 0.0374432
1.8197e-26 0.038065
1.77828e-26 0.0386731
1.7378e-26 0.0392677
1.69824e-26 0.0398491
1.65959e-26 0.0404176
1.62181e-26 0.0409735
1.58489e-26 0.0415172
1.54882e-26 0.0420487
1.51356e-26 0.0425684
1.47911e-26 0.0430766
1.44544e-26 0.0435734
1.41254e-26 0.0440592
1.38038e-26 0.0445342
1.34896e-26 0.0449985
1.31826e-26 0.0454526
1.28825e-26 0.0458965
1.25893e-26 0.0463306
1.23027e-26 0.0467549
1.20226e-26 0.0471697
1.1749e-26 0.0475753
1.14815e-26 0.0479719
1.12202e-26 0.0483595
1.09648e-26 0.0487385
1.07152e-26 0.049109
1.04713e-26 0.0494712
1.02329e-26 0.0498253
1e-26 0.0501714
9.77237e-27 0.0505098
9.54993e-27 0.0508406
9.33254e-27 0.0511641
9.12011e-27 0.0514802
8.91251e-27 0.0517892
8.70964e-27 0.0520913
8.51138e-27 0.0523866
8.31764e-27 0.0526753
8.12831e-27 0.0529575
7.94328e-27 0.0532334
7.76247e-27 0.053503
7.58578e-27 0.0537666
7.4131e-27 0.0540243
7.24436e-27 0.0542761
7.07946e-27 0.0545223
6.91831e-27 0.0547629
6.76083e-27 0.0549982
6.60693e-27 0.0552281
6.45654e-27 0.0554529
6.30957e-27 0.0556725
6.16595e-27 0.0558872
6.0256e-27 0.0560971
5.88844e-27 0.0563023
5.7544e-27 0.0565028
5.62341e-27 0.0566988
5.49541e-27 0.0568904
5.37032e-27 0.0570776
5.24807e-27 0.0572606
5.12861e-27 0.0574395
5.01187e-27 0.0576144
4.89779e-27 0.0577853
4.7863e-27 0.0579523
4.67735e-27 0.0581156
4.57088e-27 0.0582752
4.46684e-27 0.0584311
4.36516e-27 0.0585836
4.2658e-27 0.0587326
4.16869e-27 0.0588782
4.0738e-27 0.0590205
3.98107e-27 0.0591596
3.89045e-27 0.0592956
3.80189e-27 0.0594284
3.71535e-27 0.0595583
3.63078e-27 0.0596853
3.54813e-27 0.0598094
3.46737e-27 0.0599306
3.38844e-27 0.0600491
3.31131e-27 0.060165
3.23594e-27 0.0602782
3.16228e-27 0.0603888
3.0903e-27 0.0604969
3.01995e-27 0.0606026
2.95121e-27 0.0607059
2.88403e-27 0.0608069
2.81838e-27 0.0609055
2.75423e-27 0.061002
2.69153e-27 0.0610962
2.63027e-27 0.0611883
2.5704e-27 0.0612783
2.51189e-27 0.0613663
2.45471e-27 0.0614522
2.39883e-27 0.0615363
2.34423e-27 0.0616184
2.29087e-27 0.0616987
2.23872e-27 0.0617771
2.18776e-27 0.0618538
2.13796e-27 0.0619287
2.0893e-27 0.0620019
2.04174e-27 0.0620735
1.99526e-27 0.0621434
1.94984e-27 0.0622118
1.90546e-27 0.0622786
1.86209e-27 0.0623438
1.8197e-27 0.0624076
1.77828e-27 0.06247
1.7378e-27 0.062531
1.69824e-27 0.0625905
1.65959e-27 0.0626487
1.62181e-27 0.0627056
1.58489e-27 0.0627611
1.54882e-27 0.0628155
1.51356e-27 0.0628685
1.47911e-27 0.0629204
1.44544e-27 0.0629711
1.41254e-27 0.0630207
1.38038e-27 0.0630691
1.34896e-27 0.0631164
1.31826e-27 0.0631627
1.28825e-27 0.0632079
1.25893e-27 0.0632521
1.23027e-27 0.0632952
1.20226e-27 0.0633375
1.1749e-27 0.0633787
1.14815e-27 0.063419
1.12202e-27 0.0634584
1.09648e-27 0.0634969
1.07152e-27 0.0635345
1.04713e-27 0.0635712
1.02329e-27 0.0636071
1e-27 0.0636423
9.77237e-28 0.0636766
9.54993e-28 0.0637101
9.33254e-28 0.0637428
9.12011e-28 0.0637749
8.91251e-28 0.0638062
8.70964e-28 0.0638368
8.51138e-28 0.0638666
8.31764e-28 0.0638958
8.12831e-28 0.0639244
7.94328e-28 0.0639523
7.76247e-28 0.0639796
7.58578e-28 0.0640062
7.4131e-28 0.0640322
7.24436e-28 0.0640576
7.07946e-28 0.0640825
6.91831e-28 0.0641068
6.76083e-28 0.0641306
6.60693e-28 0.0641538
6.45654e-28 0.0641765
6.30957e-28 0.0641986
6.16595e-28 0.0642203
6.0256e-28 0.0642414
5.88844e-28 0.0642621
5.7544e-28 0.0642823
5.62341e-28 0.0643021
5.49541e-28 0.0643214
5.37032e-28 0.0643403
5.24807e-28 0.0643587
5.12861e-28 0.0643767
5.01187e-28 0.0643943
4.89779e-28 0.0644115
4.7863e-28 0.0644283
4.67735e-28 0.0644448
4.57088e-28 0.0644608
4.46684e-28 0.0644765
4.36516e-28 0.0644919
4.2658e-28 0.0645068
4.16869e-28 0.0645215
4.0738e-28 0.0645358
3.98107e-28 0.0645498
3.89045e-28 0.0645635
3.80189e-28 0.0645768
3.71535e-28 0.0645899
3.63078e-28 0.0646027
3.54813e-28 0.0646151
3.46737e-28 0.0646273
3.38844e-28 0.0646392
3.31131e-28 0.0646509
3.23594e-28 0.0646622
3.16228e-28 0.0646733
3.0903e-28 0.0646842
3.01995e-28 0.0646948
2.95121e-28 0.0647052
2.88403e-28 0.0647153
2.81838e-28 0.0647252
2.75423e-28 0.0647349
2.69153e-28 0.0647444
2.63027e-28 0.0647536
2.5704e-28 0.0647626
2.51189e-28 0.0647714
2.45471e-28 0.0647801
2.39883e-28 0.0647885
2.34423e-28 0.0647968
2.29087e-28 0.0648048
2.23872e-28 0.0648127
2.18776e-28 0.0648204
2.13796e-28 0.0648279
2.0893e-28 0.0648352
2.04174e-28 0.0648424
1.99526e-28 0.0648494
1.94984e-28 0.0648563
1.90546e-28 0.064863
1.86209e-28 0.0648695
1.8197e-28 0.0648759
1.77828e-28 0.0648822
1.7378e-28 0.0648883
1.69824e-28 0.0648942
1.65959e-28 0.0649001
1.62181e-28 0.0649058
1.58489e-28 0.0649113
1.54882e-28 0.0649168
1.51356e-28 0.0649221
1.47911e-28 0.0649273
1.44544e-28 0.0649324
1.41254e-28 0.0649374
1.38038e-28 0.0649422
1.34896e-28 0.0649469
1.31826e-28 0.0649516
1.28825e-28 0.0649561
1.25893e-28 0.0649606
1.23027e-28 0.0649649
1.20226e-28 0.0649691
1.1749e-28 0.0649732
1.14815e-28 0.0649772
1.12202e-28 0.0649812
1.09648e-28 0.064985
1.07152e-28 0.0649888
1.04713e-28 0.0649925
1.02329e-28 0.0649961
1e-28 0.0649996
