19.2        1000
1e-18   1.5168e+06
9.77237e-19   1.48228e+06
9.54993e-19   1.44854e+06
9.33254e-19   1.41556e+06
9.12011e-19   1.38334e+06
8.91251e-19   1.35185e+06
8.70964e-19   1.32108e+06
8.51138e-19   1.29101e+06
8.31764e-19   1.26162e+06
8.12831e-19   1.2329e+06
7.94328e-19   1.20484e+06
7.76247e-19   1.17741e+06
7.58578e-19   1.15061e+06
7.4131e-19   1.12442e+06
7.24436e-19   1.09882e+06
7.07946e-19   1.07381e+06
6.91831e-19   1.04937e+06
6.76083e-19   1.02548e+06
6.60693e-19   1.00214e+06
6.45654e-19   979328
6.30957e-19   957035
6.16595e-19   935250
6.0256e-19   913961
5.88844e-19   893157
5.7544e-19   872826
5.62341e-19   852958
5.49541e-19   833542
5.37032e-19   814568
5.24807e-19   796026
5.12861e-19   777906
5.01187e-19   760199
4.89779e-19   742894
4.7863e-19   725984
4.67735e-19   709458
4.57088e-19   693309
4.46684e-19   677527
4.36516e-19   662104
4.2658e-19   647033
4.16869e-19   632304
4.0738e-19   617911
3.98107e-19   603846
3.89045e-19   590100
3.80189e-19   576668
3.71535e-19   563541
3.63078e-19   550713
3.54813e-19   538177
3.46737e-19   525927
3.38844e-19   513955
3.31131e-19   502256
3.23594e-19   490823
3.16228e-19   479650
3.0903e-19   468732
3.01995e-19   458062
2.95121e-19   447635
2.88403e-19   437445
2.81838e-19   427488
2.75423e-19   417757
2.69153e-19   408247
2.63027e-19   398954
2.5704e-19   389873
2.51189e-19   380998
2.45471e-19   372325
2.39883e-19   363850
2.34423e-19   355567
2.29087e-19   347474
2.23872e-19   339564
2.18776e-19   331834
2.13796e-19   324281
2.0893e-19   316899
2.04174e-19   309685
1.99526e-19   302636
1.94984e-19   295747
1.90546e-19   289015
1.86209e-19   282436
1.8197e-19   276006
1.77828e-19   269724
1.7378e-19   263584
1.69824e-19   257584
1.65959e-19   251720
1.62181e-19   245990
1.58489e-19   240391
1.54882e-19   234918
1.51356e-19   229571
1.47911e-19   224345
1.44544e-19   219238
1.41254e-19   214247
1.38038e-19   209370
1.34896e-19   204604
1.31826e-19   199947
1.28825e-19   195395
1.25893e-19   190947
1.23027e-19   186601
1.20226e-19   182353
1.1749e-19   178202
1.14815e-19   174145
1.12202e-19   170181
1.09648e-19   166307
1.07152e-19   162521
1.04713e-19   158822
1.02329e-19   155206
1e-19   151673
9.77237e-20   148221
9.54993e-20   144847
9.33254e-20   141549
9.12011e-20   138327
8.91251e-20   135178
8.70964e-20   132101
8.51138e-20   129094
8.31764e-20   126155
8.12831e-20   123283
7.94328e-20   120477
7.76247e-20   117734
7.58578e-20   115054
7.4131e-20   112435
7.24436e-20   109875
7.07946e-20   107374
6.91831e-20   104930
6.76083e-20   102541
6.60693e-20   100207
6.45654e-20   97925.8
6.30957e-20   95696.5
6.16595e-20   93518
6.0256e-20   91389.1
5.88844e-20   89308.7
5.7544e-20   87275.6
5.62341e-20   85288.8
5.49541e-20   83347.2
5.37032e-20   81449.8
5.24807e-20   79595.6
5.12861e-20   77783.6
5.01187e-20   76012.8
4.89779e-20   74282.4
4.7863e-20   72591.3
4.67735e-20   70938.8
4.57088e-20   69323.8
4.46684e-20   67745.7
4.36516e-20   66203.4
4.2658e-20   64696.3
4.16869e-20   63223.4
4.0738e-20   61784.1
3.98107e-20   60377.5
3.89045e-20   59003
3.80189e-20   57659.8
3.71535e-20   56347.1
3.63078e-20   55064.3
3.54813e-20   53810.7
3.46737e-20   52585.6
3.38844e-20   51388.5
3.31131e-20   50218.5
3.23594e-20   49075.2
3.16228e-20   47958
3.0903e-20   46866.1
3.01995e-20   45799.2
2.95121e-20   44756.5
2.88403e-20   43737.5
2.81838e-20   42741.7
2.75423e-20   41768.6
2.69153e-20   40817.7
2.63027e-20   39888.4
2.5704e-20   38980.2
2.51189e-20   38092.8
2.45471e-20   37225.5
2.39883e-20   36378
2.34423e-20   35549.7
2.29087e-20   34740.3
2.23872e-20   33949.4
2.18776e-20   33176.4
2.13796e-20   32421
2.0893e-20   31682.9
2.04174e-20   30961.5
1.99526e-20   30256.6
1.94984e-20   29567.7
1.90546e-20   28894.4
1.86209e-20   28236.5
1.8197e-20   27593.6
1.77828e-20   26965.3
1.7378e-20   26351.4
1.69824e-20   25751.3
1.65959e-20   25165
1.62181e-20   24592
1.58489e-20   24032
1.54882e-20   23484.8
1.51356e-20   22950.1
1.47911e-20   22427.5
1.44544e-20   21916.8
1.41254e-20   21417.7
1.38038e-20   20930
1.34896e-20   20453.4
1.31826e-20   19987.7
1.28825e-20   19532.5
1.25893e-20   19087.7
1.23027e-20   18653.1
1.20226e-20   18228.3
1.1749e-20   17813.2
1.14815e-20   17407.5
1.12202e-20   17011.1
1.09648e-20   16623.7
1.07152e-20   16245.1
1.04713e-20   15875.2
1.02329e-20   15513.6
1e-20   15160.3
9.77237e-21   14815
9.54993e-21   14477.6
9.33254e-21   14147.9
9.12011e-21   13825.7
8.91251e-21   13510.8
8.70964e-21   13203.1
8.51138e-21   12902.4
8.31764e-21   12608.5
8.12831e-21   12321.3
7.94328e-21   12040.7
7.76247e-21   11766.4
7.58578e-21   11498.4
7.4131e-21   11236.5
7.24436e-21   10980.5
7.07946e-21   10730.4
6.91831e-21   10486
6.76083e-21   10247.1
6.60693e-21   10013.7
6.45654e-21   9785.55
6.30957e-21   9562.63
6.16595e-21   9344.78
6.0256e-21   9131.89
5.88844e-21   8923.84
5.7544e-21   8720.53
5.62341e-21   8521.85
5.49541e-21   8327.69
5.37032e-21   8137.95
5.24807e-21   7952.53
5.12861e-21   7771.33
5.01187e-21   7594.26
4.89779e-21   7421.21
4.7863e-21   7252.11
4.67735e-21   7086.85
4.57088e-21   6925.36
4.46684e-21   6767.54
4.36516e-21   6613.32
4.2658e-21   6462.6
4.16869e-21   6315.32
4.0738e-21   6171.38
3.98107e-21   6030.73
3.89045e-21   5893.28
3.80189e-21   5758.95
3.71535e-21   5627.68
3.63078e-21   5499.4
3.54813e-21   5374.04
3.46737e-21   5251.54
3.38844e-21   5131.82
3.31131e-21   5014.83
3.23594e-21   4900.5
3.16228e-21   4788.77
3.0903e-21   4679.59
3.01995e-21   4572.89
2.95121e-21   4468.62
2.88403e-21   4366.73
2.81838e-21   4267.15
2.75423e-21   4169.84
2.69153e-21   4074.74
2.63027e-21   3981.81
2.5704e-21   3891
2.51189e-21   3802.25
2.45471e-21   3715.52
2.39883e-21   3630.77
2.34423e-21   3547.95
2.29087e-21   3467.01
2.23872e-21   3387.91
2.18776e-21   3310.62
2.13796e-21   3235.08
2.0893e-21   3161.26
2.04174e-21   3089.13
1.99526e-21   3018.63
1.94984e-21   2949.74
1.90546e-21   2882.42
1.86209e-21   2816.63
1.8197e-21   2752.34
1.77828e-21   2689.51
1.7378e-21   2628.11
1.69824e-21   2568.11
1.65959e-21   2509.47
1.62181e-21   2452.17
1.58489e-21   2396.18
1.54882e-21   2341.46
1.51356e-21   2287.98
1.47911e-21   2235.72
1.44544e-21   2184.65
1.41254e-21   2134.75
1.38038e-21   2085.98
1.34896e-21   2038.32
1.31826e-21   1991.74
1.28825e-21   1946.23
1.25893e-21   1901.75
1.23027e-21   1858.28
1.20226e-21   1815.8
1.1749e-21   1774.29
1.14815e-21   1733.73
1.12202e-21   1694.08
1.09648e-21   1655.34
1.07152e-21   1617.49
1.04713e-21   1580.49
1.02329e-21   1544.34
1e-21   1509.01
9.77237e-22   1474.48
9.54993e-22   1440.74
9.33254e-22   1407.76
9.12011e-22   1375.54
8.91251e-22   1344.05
8.70964e-22   1313.28
8.51138e-22   1283.21
8.31764e-22   1253.82
8.12831e-22   1225.1
7.94328e-22   1197.04
7.76247e-22   1169.61
7.58578e-22   1142.81
7.4131e-22   1116.62
7.24436e-22   1091.03
7.07946e-22   1066.01
6.91831e-22   1041.57
6.76083e-22   1017.68
6.60693e-22   994.342
6.45654e-22   971.53
6.30957e-22   949.237
6.16595e-22   927.453
6.0256e-22   906.163
5.88844e-22   885.359
5.7544e-22   865.028
5.62341e-22   845.16
5.49541e-22   825.744
5.37032e-22   806.77
5.24807e-22   788.228
5.12861e-22   770.108
5.01187e-22   752.401
4.89779e-22   735.096
4.7863e-22   718.186
4.67735e-22   701.66
4.57088e-22   685.511
4.46684e-22   669.729
4.36516e-22   654.306
4.2658e-22   639.235
4.16869e-22   624.506
4.0738e-22   610.113
3.98107e-22   596.048
3.89045e-22   582.302
3.80189e-22   568.87
3.71535e-22   555.743
3.63078e-22   542.915
3.54813e-22   530.379
3.46737e-22   518.129
3.38844e-22   506.157
3.31131e-22   494.458
3.23594e-22   483.025
3.16228e-22   471.852
3.0903e-22   460.934
3.01995e-22   450.264
2.95121e-22   439.837
2.88403e-22   429.647
2.81838e-22   419.69
2.75423e-22   409.959
2.69153e-22   400.449
2.63027e-22   391.156
2.5704e-22   382.075
2.51189e-22   373.2
2.45471e-22   364.527
2.39883e-22   356.052
2.34423e-22   347.769
2.29087e-22   339.676
2.23872e-22   331.766
2.18776e-22   324.036
2.13796e-22   316.483
2.0893e-22   309.101
2.04174e-22   301.887
1.99526e-22   294.838
1.94984e-22   287.949
1.90546e-22   281.217
1.86209e-22   274.638
1.8197e-22   268.209
1.77828e-22   261.926
1.7378e-22   255.786
1.69824e-22   249.786
1.65959e-22   243.922
1.62181e-22   238.192
1.58489e-22   232.593
1.54882e-22   227.12
1.51356e-22   221.773
1.47911e-22   216.547
1.44544e-22   211.44
1.41254e-22   206.45
1.38038e-22   201.572
1.34896e-22   196.806
1.31826e-22   192.149
1.28825e-22   187.597
1.25893e-22   183.149
1.23027e-22   178.803
1.20226e-22   174.555
1.1749e-22   170.404
1.14815e-22   166.347
1.12202e-22   162.383
1.09648e-22   158.509
1.07152e-22   154.723
1.04713e-22   151.024
1.02329e-22   147.408
1e-22   143.875
9.77237e-23   140.423
9.54993e-23   137.049
9.33254e-23   133.751
9.12011e-23   130.529
8.91251e-23   127.38
8.70964e-23   124.303
8.51138e-23   121.296
8.31764e-23   118.357
8.12831e-23   115.485
7.94328e-23   112.679
7.76247e-23   109.936
7.58578e-23   107.256
7.4131e-23   104.637
7.24436e-23   102.077
7.07946e-23   99.5762
6.91831e-23   97.1319
6.76083e-23   94.7432
6.60693e-23   92.4089
6.45654e-23   90.1278
6.30957e-23   87.8985
6.16595e-23   85.72
6.0256e-23   83.5911
5.88844e-23   81.5107
5.7544e-23   79.4776
5.62341e-23   77.4908
5.49541e-23   75.5492
5.37032e-23   73.6518
5.24807e-23   71.7976
5.12861e-23   69.9856
5.01187e-23   68.2149
4.89779e-23   66.4844
4.7863e-23   64.7934
4.67735e-23   63.1408
4.57088e-23   61.5259
4.46684e-23   59.9477
4.36516e-23   58.4054
4.2658e-23   56.8983
4.16869e-23   55.4254
4.0738e-23   53.9861
3.98107e-23   52.5796
3.89045e-23   51.205
3.80189e-23   49.8618
3.71535e-23   48.5491
3.63078e-23   47.2663
3.54813e-23   46.0127
3.46737e-23   44.7876
3.38844e-23   43.5905
3.31131e-23   42.4206
3.23594e-23   41.2773
3.16228e-23   40.16
3.0903e-23   39.0682
3.01995e-23   38.0012
2.95121e-23   36.9585
2.88403e-23   35.9395
2.81838e-23   34.9438
2.75423e-23   33.9707
2.69153e-23   33.0197
2.63027e-23   32.0904
2.5704e-23   31.1823
2.51189e-23   30.2948
2.45471e-23   29.4275
2.39883e-23   28.58
2.34423e-23   27.7517
2.29087e-23   26.9424
2.23872e-23   26.1514
2.18776e-23   25.3784
2.13796e-23   24.6231
2.0893e-23   23.8849
2.04174e-23   23.1635
1.99526e-23   22.4586
1.94984e-23   21.7697
1.90546e-23   21.0965
1.86209e-23   20.4386
1.8197e-23   19.7956
1.77828e-23   19.1674
1.7378e-23   18.5534
1.69824e-23   17.9534
1.65959e-23   17.367
1.62181e-23   16.794
1.58489e-23   16.2341
1.54882e-23   15.6868
1.51356e-23   15.1521
1.47911e-23   14.6295
1.44544e-23   14.1188
1.41254e-23   13.6197
1.38038e-23   13.132
1.34896e-23   12.6554
1.31826e-23   12.1897
1.28825e-23   11.7345
1.25893e-23   11.2897
1.23027e-23   10.8551
1.20226e-23   10.4303
1.1749e-23   10.0152
1.14815e-23   9.60954
1.12202e-23   9.21311
1.09648e-23   8.82572
1.07152e-23   8.44714
1.04713e-23   8.07718
1.02329e-23   7.71658
1e-23   7.3711
9.77237e-24   7.04103
9.54993e-24   6.7259
9.33254e-24   6.42489
9.12011e-24   6.13732
8.91251e-24   5.86275
8.70964e-24   5.60034
8.51138e-24   5.34979
8.31764e-24   5.11051
8.12831e-24   4.88195
7.94328e-24   4.66354
7.76247e-24   4.45482
7.58578e-24   4.25559
7.4131e-24   4.0654
7.24436e-24   3.88346
7.07946e-24   3.70994
6.91831e-24   3.54399
6.76083e-24   3.38565
6.60693e-24   3.23414
6.45654e-24   3.08974
6.30957e-24   2.95159
6.16595e-24   2.81971
6.0256e-24   2.69373
5.88844e-24   2.57339
5.7544e-24   2.45842
5.62341e-24   2.34874
5.49541e-24   2.24388
5.37032e-24   2.14362
5.24807e-24   2.04785
5.12861e-24   1.95655
5.01187e-24   1.86931
4.89779e-24   1.78589
4.7863e-24   1.70621
4.67735e-24   1.63016
4.57088e-24   1.55746
4.46684e-24   1.488
4.36516e-24   1.42167
4.2658e-24   1.35825
4.16869e-24   1.29771
4.0738e-24   1.23994
3.98107e-24   1.18462
3.89045e-24   1.13178
3.80189e-24   1.08149
3.71535e-24   1.03342
3.63078e-24   0.987431
3.54813e-24   0.94342
3.46737e-24   0.901316
3.38844e-24   0.861381
3.31131e-24   0.823147
3.23594e-24   0.786487
3.16228e-24   0.75144
3.0903e-24   0.718194
3.01995e-24   0.686271
2.95121e-24   0.65572
2.88403e-24   0.62672
2.81838e-24   0.598809
2.75423e-24   0.57229
2.69153e-24   0.546959
2.63027e-24   0.522561
2.5704e-24   0.499568
2.51189e-24   0.477305
2.45471e-24   0.456308
2.39883e-24   0.436041
2.34423e-24   0.416832
2.29087e-24   0.398337
2.23872e-24   0.380742
2.18776e-24   0.363834
2.13796e-24   0.347852
2.0893e-24   0.332386
2.04174e-24   0.317793
1.99526e-24   0.303532
1.94984e-24   0.290352
1.90546e-24   0.277474
1.86209e-24   0.265292
1.8197e-24   0.253604
1.77828e-24   0.242291
1.7378e-24   0.231778
1.69824e-24   0.221503
1.65959e-24   0.211786
1.62181e-24   0.202568
1.58489e-24   0.193561
1.54882e-24   0.185138
1.51356e-24   0.177047
1.47911e-24   0.169139
1.44544e-24   0.161815
1.41254e-24   0.154803
1.38038e-24   0.14795
1.34896e-24   0.141492
1.31826e-24   0.135405
1.28825e-24   0.129456
1.25893e-24   0.12366
1.23027e-24   0.118422
1.20226e-24   0.113303
1.1749e-24   0.1083
1.14815e-24   0.103517
1.12202e-24   0.099138
1.09648e-24   0.0948588
1.07152e-24   0.090677
1.04713e-24   0.0866346
1.02329e-24   0.083
1e-24   0.0794482
9.77237e-25   0.0759772
9.54993e-25   0.0725852
9.33254e-25   0.0694561
9.12011e-25   0.0665509
8.91251e-25   0.0637118
8.70964e-25   0.0609374
8.51138e-25   0.0582261
8.31764e-25   0.0557059
8.12831e-25   0.0534123
7.94328e-25   0.0511709
7.76247e-25   0.0489805
7.58578e-25   0.04684
7.4131e-25   0.0447482
7.24436e-25   0.0428648
7.07946e-25   0.0411172
6.91831e-25   0.0394093
6.76083e-25   0.0377403
6.60693e-25   0.0361093
6.45654e-25   0.0345155
6.30957e-25   0.0329579
6.16595e-25   0.0316329
6.0256e-25   0.0303513
5.88844e-25   0.0290989
5.7544e-25   0.0278749
5.62341e-25   0.0266788
5.49541e-25   0.02551
5.37032e-25   0.0243677
5.24807e-25   0.0232553
5.12861e-25   0.0223676
5.01187e-25   0.0215
4.89779e-25   0.0206522
4.7863e-25   0.0198237
4.67735e-25   0.0190141
4.57088e-25   0.0182229
4.46684e-25   0.0174496
4.36516e-25   0.016694
4.2658e-25   0.0159556
4.16869e-25   0.0152762
4.0738e-25   0.0146978
3.98107e-25   0.0141326
3.89045e-25   0.0135802
3.80189e-25   0.0130404
3.71535e-25   0.0125129
3.63078e-25   0.0119974
3.54813e-25   0.0114936
3.46737e-25   0.0110013
3.38844e-25   0.0105202
3.31131e-25   0.0100501
3.23594e-25   0.00959066
3.16228e-25   0.00914168
3.0903e-25   0.00880165
3.01995e-25   0.00848882
2.95121e-25   0.00818312
2.88403e-25   0.00788438
2.81838e-25   0.00759243
2.75423e-25   0.00730713
2.69153e-25   0.00702833
2.63027e-25   0.00675587
2.5704e-25   0.00648961
2.51189e-25   0.00622942
2.45471e-25   0.00597514
2.39883e-25   0.00572666
2.34423e-25   0.00548383
2.29087e-25   0.00524653
2.23872e-25   0.00501463
2.18776e-25   0.00478801
2.13796e-25   0.00456654
2.0893e-25   0.00436832
2.04174e-25   0.00423669
1.99526e-25   0.00410806
1.94984e-25   0.00398237
1.90546e-25   0.00385953
1.86209e-25   0.00373948
1.8197e-25   0.00362217
1.77828e-25   0.00350753
1.7378e-25   0.0033955
1.69824e-25   0.00328602
1.65959e-25   0.00317904
1.62181e-25   0.00307448
1.58489e-25   0.00297231
1.54882e-25   0.00287246
1.51356e-25   0.00277489
1.47911e-25   0.00267954
1.44544e-25   0.00258635
1.41254e-25   0.00249529
1.38038e-25   0.0024063
1.34896e-25   0.00231934
1.31826e-25   0.00223436
1.28825e-25   0.00215131
1.25893e-25   0.00207015
1.23027e-25   0.00199084
1.20226e-25   0.00191333
1.1749e-25   0.00183759
1.14815e-25   0.00176357
1.12202e-25   0.00169124
1.09648e-25   0.00162055
1.07152e-25   0.00155148
1.04713e-25   0.00148793
1.02329e-25   0.00145406
1e-25   0.00142096
9.77237e-26   0.00138861
9.54993e-26   0.001357
9.33254e-26   0.00132611
9.12011e-26   0.00129593
8.91251e-26   0.00126643
8.70964e-26   0.0012376
8.51138e-26   0.00120943
8.31764e-26   0.0011819
8.12831e-26   0.001155
7.94328e-26   0.00112871
7.76247e-26   0.00110301
7.58578e-26   0.00107791
7.4131e-26   0.00105337
7.24436e-26   0.00102939
7.07946e-26   0.00100596
6.91831e-26   0.000983063
6.76083e-26   0.000960685
6.60693e-26   0.000938817
6.45654e-26   0.000917447
6.30957e-26   0.000896564
6.16595e-26   0.000876155
6.0256e-26   0.000856212
5.88844e-26   0.000836722
5.7544e-26   0.000817676
5.62341e-26   0.000799063
5.49541e-26   0.000780874
5.37032e-26   0.000763099
5.24807e-26   0.000745729
5.12861e-26   0.000728754
5.01187e-26   0.000712166
4.89779e-26   0.000695955
4.7863e-26   0.000680113
4.67735e-26   0.000664632
4.57088e-26   0.000649503
4.46684e-26   0.000634719
4.36516e-26   0.000620271
4.2658e-26   0.000606151
4.16869e-26   0.000592354
4.0738e-26   0.00057887
3.98107e-26   0.000565693
3.89045e-26   0.000552817
3.80189e-26   0.000540233
3.71535e-26   0.000527936
3.63078e-26   0.000515919
3.54813e-26   0.000504175
3.46737e-26   0.000492698
3.38844e-26   0.000481483
3.31131e-26   0.000470523
3.23594e-26   0.000459813
3.16228e-26   0.000449346
3.0903e-26   0.000439118
3.01995e-26   0.000429122
2.95121e-26   0.000419354
2.88403e-26   0.000409809
2.81838e-26   0.00040048
2.75423e-26   0.000391364
2.69153e-26   0.000382456
2.63027e-26   0.00037375
2.5704e-26   0.000365242
2.51189e-26   0.000356928
2.45471e-26   0.000348804
2.39883e-26   0.000340864
2.34423e-26   0.000333105
2.29087e-26   0.000325523
2.23872e-26   0.000318113
2.18776e-26   0.000310872
2.13796e-26   0.000303795
2.0893e-26   0.00029688
2.04174e-26   0.000290122
1.99526e-26   0.000283518
1.94984e-26   0.000277065
1.90546e-26   0.000270758
1.86209e-26   0.000264595
1.8197e-26   0.000258572
1.77828e-26   0.000252686
1.7378e-26   0.000246934
1.69824e-26   0.000241313
1.65959e-26   0.00023582
1.62181e-26   0.000230452
1.58489e-26   0.000225207
1.54882e-26   0.00022008
1.51356e-26   0.000215071
1.47911e-26   0.000210175
1.44544e-26   0.000205391
1.41254e-26   0.000200716
1.38038e-26   0.000196147
1.34896e-26   0.000191682
1.31826e-26   0.000187319
1.28825e-26   0.000183055
1.25893e-26   0.000178888
1.23027e-26   0.000174816
1.20226e-26   0.000170837
1.1749e-26   0.000166948
1.14815e-26   0.000163148
1.12202e-26   0.000159434
1.09648e-26   0.000155805
1.07152e-26   0.000152258
1.04713e-26   0.000148793
1.02329e-26   0.000145406
1e-26   0.000142096
9.77237e-27   0.000138861
9.54993e-27   0.0001357
9.33254e-27   0.000132611
9.12011e-27   0.000129593
8.91251e-27   0.000126643
8.70964e-27   0.00012376
8.51138e-27   0.000120943
8.31764e-27   0.00011819
8.12831e-27   0.0001155
7.94328e-27   0.000112871
7.76247e-27   0.000110301
7.58578e-27   0.000107791
7.4131e-27   0.000105337
7.24436e-27   0.000102939
7.07946e-27   0.000100596
6.91831e-27   9.83063e-05
6.76083e-27   9.60685e-05
6.60693e-27   9.38817e-05
6.45654e-27   9.17447e-05
6.30957e-27   8.96564e-05
6.16595e-27   8.76155e-05
6.0256e-27   8.56212e-05
5.88844e-27   8.36722e-05
5.7544e-27   8.17676e-05
5.62341e-27   7.99063e-05
5.49541e-27   7.80874e-05
5.37032e-27   7.63099e-05
5.24807e-27   7.45729e-05
5.12861e-27   7.28754e-05
5.01187e-27   7.12166e-05
4.89779e-27   6.95955e-05
4.7863e-27   6.80113e-05
4.67735e-27   6.64632e-05
4.57088e-27   6.49503e-05
4.46684e-27   6.34719e-05
4.36516e-27   6.20271e-05
4.2658e-27   6.06151e-05
4.16869e-27   5.92354e-05
4.0738e-27   5.7887e-05
3.98107e-27   5.65693e-05
3.89045e-27   5.52817e-05
3.80189e-27   5.40233e-05
3.71535e-27   5.27936e-05
3.63078e-27   5.15919e-05
3.54813e-27   5.04175e-05
3.46737e-27   4.92698e-05
3.38844e-27   4.81483e-05
3.31131e-27   4.70523e-05
3.23594e-27   4.59813e-05
3.16228e-27   4.49346e-05
3.0903e-27   4.39118e-05
3.01995e-27   4.29122e-05
2.95121e-27   4.19354e-05
2.88403e-27   4.09809e-05
2.81838e-27   4.0048e-05
2.75423e-27   3.91364e-05
2.69153e-27   3.82456e-05
2.63027e-27   3.7375e-05
2.5704e-27   3.65242e-05
2.51189e-27   3.56928e-05
2.45471e-27   3.48804e-05
2.39883e-27   3.40864e-05
2.34423e-27   3.33105e-05
2.29087e-27   3.25523e-05
2.23872e-27   3.18113e-05
2.18776e-27   3.10872e-05
2.13796e-27   3.03795e-05
2.0893e-27   2.9688e-05
2.04174e-27   2.90122e-05
1.99526e-27   2.83518e-05
1.94984e-27   2.77065e-05
1.90546e-27   2.70758e-05
1.86209e-27   2.64595e-05
1.8197e-27   2.58572e-05
1.77828e-27   2.52686e-05
1.7378e-27   2.46934e-05
1.69824e-27   2.41313e-05
1.65959e-27   2.3582e-05
1.62181e-27   2.30452e-05
1.58489e-27   2.25207e-05
1.54882e-27   2.2008e-05
1.51356e-27   2.15071e-05
1.47911e-27   2.10175e-05
1.44544e-27   2.05391e-05
1.41254e-27   2.00716e-05
1.38038e-27   1.96147e-05
1.34896e-27   1.91682e-05
1.31826e-27   1.87319e-05
1.28825e-27   1.83055e-05
1.25893e-27   1.78888e-05
1.23027e-27   1.74816e-05
1.20226e-27   1.70837e-05
1.1749e-27   1.66948e-05
1.14815e-27   1.63148e-05
1.12202e-27   1.59434e-05
1.09648e-27   1.55805e-05
1.07152e-27   1.52258e-05
1.04713e-27   1.48793e-05
1.02329e-27   1.45406e-05
1e-27   1.42096e-05
9.77237e-28   1.38861e-05
9.54993e-28   1.357e-05
9.33254e-28   1.32611e-05
9.12011e-28   1.29593e-05
8.91251e-28   1.26643e-05
8.70964e-28   1.2376e-05
8.51138e-28   1.20943e-05
8.31764e-28   1.1819e-05
8.12831e-28   1.155e-05
7.94328e-28   1.12871e-05
7.76247e-28   1.10301e-05
7.58578e-28   1.07791e-05
7.4131e-28   1.05337e-05
7.24436e-28   1.02939e-05
7.07946e-28   1.00596e-05
6.91831e-28   9.83063e-06
6.76083e-28   9.60685e-06
6.60693e-28   9.38817e-06
6.45654e-28   9.17447e-06
6.30957e-28   8.96564e-06
6.16595e-28   8.76155e-06
6.0256e-28   8.56212e-06
5.88844e-28   8.36722e-06
5.7544e-28   8.17676e-06
5.62341e-28   7.99063e-06
5.49541e-28   7.80874e-06
5.37032e-28   7.63099e-06
5.24807e-28   7.45729e-06
5.12861e-28   7.28754e-06
5.01187e-28   7.12166e-06
4.89779e-28   6.95955e-06
4.7863e-28   6.80113e-06
4.67735e-28   6.64632e-06
4.57088e-28   6.49503e-06
4.46684e-28   6.34719e-06
4.36516e-28   6.20271e-06
4.2658e-28   6.06151e-06
4.16869e-28   5.92354e-06
4.0738e-28   5.7887e-06
3.98107e-28   5.65693e-06
3.89045e-28   5.52817e-06
3.80189e-28   5.40233e-06
3.71535e-28   5.27936e-06
3.63078e-28   5.15919e-06
3.54813e-28   5.04175e-06
3.46737e-28   4.92698e-06
3.38844e-28   4.81483e-06
3.31131e-28   4.70523e-06
3.23594e-28   4.59813e-06
3.16228e-28   4.49346e-06
3.0903e-28   4.39118e-06
3.01995e-28   4.29122e-06
2.95121e-28   4.19354e-06
2.88403e-28   4.09809e-06
2.81838e-28   4.0048e-06
2.75423e-28   3.91364e-06
2.69153e-28   3.82456e-06
2.63027e-28   3.7375e-06
2.5704e-28   3.65242e-06
2.51189e-28   3.56928e-06
2.45471e-28   3.48804e-06
2.39883e-28   3.40864e-06
2.34423e-28   3.33105e-06
2.29087e-28   3.25523e-06
2.23872e-28   3.18113e-06
2.18776e-28   3.10872e-06
2.13796e-28   3.03795e-06
2.0893e-28   2.9688e-06
2.04174e-28   2.90122e-06
1.99526e-28   2.83518e-06
1.94984e-28   2.77065e-06
1.90546e-28   2.70758e-06
1.86209e-28   2.64595e-06
1.8197e-28   2.58572e-06
1.77828e-28   2.52686e-06
1.7378e-28   2.46934e-06
1.69824e-28   2.41313e-06
1.65959e-28   2.3582e-06
1.62181e-28   2.30452e-06
1.58489e-28   2.25207e-06
1.54882e-28   2.2008e-06
1.51356e-28   2.15071e-06
1.47911e-28   2.10175e-06
1.44544e-28   2.05391e-06
1.41254e-28   2.00716e-06
1.38038e-28   1.96147e-06
1.34896e-28   1.91682e-06
1.31826e-28   1.87319e-06
1.28825e-28   1.83055e-06
1.25893e-28   1.78888e-06
1.23027e-28   1.74816e-06
1.20226e-28   1.70837e-06
1.1749e-28   1.66948e-06
1.14815e-28   1.63148e-06
1.12202e-28   1.59434e-06
1.09648e-28   1.55805e-06
1.07152e-28   1.52258e-06
1.04713e-28   1.48793e-06
1.02329e-28   1.45406e-06
1e-28   1.42096e-06
